Time:0
Waiting clients:
(26, 3, 7 )
(50, 3, 21 )
(23, 4, 27 )
(33, 4, 9 )
(30, 5, 21 )
(2, 7, 17 )
(25, 7, 37 )
(3, 9, 31 )
(17, 9, 19 )
(46, 9, 1 )
(32, 10, 8 )
(6, 11, 21 )
(21, 11, 20 )
(1, 12, 11 )
(12, 12, 14 )
(13, 13, 37 )
(15, 13, 1 )
(44, 13, 7 )
(10, 14, 35 )
(45, 14, 11 )
(24, 15, 38 )
(16, 16, 21 )
(41, 16, 26 )
(42, 16, 25 )
(43, 16, 8 )
(34, 17, 3 )
(49, 17, 1 )
(9, 21, 1 )
(20, 22, 19 )
(35, 23, 17 )
(8, 24, 31 )
(14, 25, 25 )
(19, 26, 20 )
(5, 27, 11 )
(48, 27, 29 )
(11, 29, 6 )
(22, 29, 35 )
(29, 29, 27 )
(38, 30, 37 )
(40, 31, 36 )
(4, 32, 13 )
(7, 32, 3 )
(27, 32, 7 )
(18, 33, 27 )
(47, 34, 38 )
(28, 36, 28 )
(39, 36, 7 )
(37, 37, 30 )
(36, 38, 15 )
(31, 40, 3 )
Queue #0 : closed
Queue #1 : closed
Queue #2 : closed
Queue #3 : closed
Queue #4 : closed
Time:1
Waiting clients:
(26, 3, 7 )
(50, 3, 21 )
(23, 4, 27 )
(33, 4, 9 )
(30, 5, 21 )
(2, 7, 17 )
(25, 7, 37 )
(3, 9, 31 )
(17, 9, 19 )
(46, 9, 1 )
(32, 10, 8 )
(6, 11, 21 )
(21, 11, 20 )
(1, 12, 11 )
(12, 12, 14 )
(13, 13, 37 )
(15, 13, 1 )
(44, 13, 7 )
(10, 14, 35 )
(45, 14, 11 )
(24, 15, 38 )
(16, 16, 21 )
(41, 16, 26 )
(42, 16, 25 )
(43, 16, 8 )
(34, 17, 3 )
(49, 17, 1 )
(9, 21, 1 )
(20, 22, 19 )
(35, 23, 17 )
(8, 24, 31 )
(14, 25, 25 )
(19, 26, 20 )
(5, 27, 11 )
(48, 27, 29 )
(11, 29, 6 )
(22, 29, 35 )
(29, 29, 27 )
(38, 30, 37 )
(40, 31, 36 )
(4, 32, 13 )
(7, 32, 3 )
(27, 32, 7 )
(18, 33, 27 )
(47, 34, 38 )
(28, 36, 28 )
(39, 36, 7 )
(37, 37, 30 )
(36, 38, 15 )
(31, 40, 3 )
Queue #0 : closed
Queue #1 : closed
Queue #2 : closed
Queue #3 : closed
Queue #4 : closed
Time:2
Waiting clients:
(26, 3, 7 )
(50, 3, 21 )
(23, 4, 27 )
(33, 4, 9 )
(30, 5, 21 )
(2, 7, 17 )
(25, 7, 37 )
(3, 9, 31 )
(17, 9, 19 )
(46, 9, 1 )
(32, 10, 8 )
(6, 11, 21 )
(21, 11, 20 )
(1, 12, 11 )
(12, 12, 14 )
(13, 13, 37 )
(15, 13, 1 )
(44, 13, 7 )
(10, 14, 35 )
(45, 14, 11 )
(24, 15, 38 )
(16, 16, 21 )
(41, 16, 26 )
(42, 16, 25 )
(43, 16, 8 )
(34, 17, 3 )
(49, 17, 1 )
(9, 21, 1 )
(20, 22, 19 )
(35, 23, 17 )
(8, 24, 31 )
(14, 25, 25 )
(19, 26, 20 )
(5, 27, 11 )
(48, 27, 29 )
(11, 29, 6 )
(22, 29, 35 )
(29, 29, 27 )
(38, 30, 37 )
(40, 31, 36 )
(4, 32, 13 )
(7, 32, 3 )
(27, 32, 7 )
(18, 33, 27 )
(47, 34, 38 )
(28, 36, 28 )
(39, 36, 7 )
(37, 37, 30 )
(36, 38, 15 )
(31, 40, 3 )
Queue #0 : closed
Queue #1 : closed
Queue #2 : closed
Queue #3 : closed
Queue #4 : closed
Time:3
Waiting clients:
(26, 3, 7 )
(23, 4, 27 )
(33, 4, 9 )
(30, 5, 21 )
(2, 7, 17 )
(25, 7, 37 )
(3, 9, 31 )
(17, 9, 19 )
(46, 9, 1 )
(32, 10, 8 )
(6, 11, 21 )
(21, 11, 20 )
(1, 12, 11 )
(12, 12, 14 )
(13, 13, 37 )
(15, 13, 1 )
(44, 13, 7 )
(10, 14, 35 )
(45, 14, 11 )
(24, 15, 38 )
(16, 16, 21 )
(41, 16, 26 )
(42, 16, 25 )
(43, 16, 8 )
(34, 17, 3 )
(49, 17, 1 )
(9, 21, 1 )
(20, 22, 19 )
(35, 23, 17 )
(8, 24, 31 )
(14, 25, 25 )
(19, 26, 20 )
(5, 27, 11 )
(48, 27, 29 )
(11, 29, 6 )
(22, 29, 35 )
(29, 29, 27 )
(38, 30, 37 )
(40, 31, 36 )
(4, 32, 13 )
(7, 32, 3 )
(27, 32, 7 )
(18, 33, 27 )
(47, 34, 38 )
(28, 36, 28 )
(39, 36, 7 )
(37, 37, 30 )
(36, 38, 15 )
(31, 40, 3 )
Queue #0: 
(50, 3, 21 ) 
Queue #1 : closed
Queue #2 : closed
Queue #3 : closed
Queue #4 : closed
Time:4
Waiting clients:
(26, 3, 7 )
(23, 4, 27 )
(30, 5, 21 )
(2, 7, 17 )
(25, 7, 37 )
(3, 9, 31 )
(17, 9, 19 )
(46, 9, 1 )
(32, 10, 8 )
(6, 11, 21 )
(21, 11, 20 )
(1, 12, 11 )
(12, 12, 14 )
(13, 13, 37 )
(15, 13, 1 )
(44, 13, 7 )
(10, 14, 35 )
(45, 14, 11 )
(24, 15, 38 )
(16, 16, 21 )
(41, 16, 26 )
(42, 16, 25 )
(43, 16, 8 )
(34, 17, 3 )
(49, 17, 1 )
(9, 21, 1 )
(20, 22, 19 )
(35, 23, 17 )
(8, 24, 31 )
(14, 25, 25 )
(19, 26, 20 )
(5, 27, 11 )
(48, 27, 29 )
(11, 29, 6 )
(22, 29, 35 )
(29, 29, 27 )
(38, 30, 37 )
(40, 31, 36 )
(4, 32, 13 )
(7, 32, 3 )
(27, 32, 7 )
(18, 33, 27 )
(47, 34, 38 )
(28, 36, 28 )
(39, 36, 7 )
(37, 37, 30 )
(36, 38, 15 )
(31, 40, 3 )
Queue #0: 
(50, 3, 20 ) 
Queue #1: 
(33, 4, 9 ) 
Queue #2 : closed
Queue #3 : closed
Queue #4 : closed
Time:5
Waiting clients:
(26, 3, 7 )
(23, 4, 27 )
(2, 7, 17 )
(25, 7, 37 )
(3, 9, 31 )
(17, 9, 19 )
(46, 9, 1 )
(32, 10, 8 )
(6, 11, 21 )
(21, 11, 20 )
(1, 12, 11 )
(12, 12, 14 )
(13, 13, 37 )
(15, 13, 1 )
(44, 13, 7 )
(10, 14, 35 )
(45, 14, 11 )
(24, 15, 38 )
(16, 16, 21 )
(41, 16, 26 )
(42, 16, 25 )
(43, 16, 8 )
(34, 17, 3 )
(49, 17, 1 )
(9, 21, 1 )
(20, 22, 19 )
(35, 23, 17 )
(8, 24, 31 )
(14, 25, 25 )
(19, 26, 20 )
(5, 27, 11 )
(48, 27, 29 )
(11, 29, 6 )
(22, 29, 35 )
(29, 29, 27 )
(38, 30, 37 )
(40, 31, 36 )
(4, 32, 13 )
(7, 32, 3 )
(27, 32, 7 )
(18, 33, 27 )
(47, 34, 38 )
(28, 36, 28 )
(39, 36, 7 )
(37, 37, 30 )
(36, 38, 15 )
(31, 40, 3 )
Queue #0: 
(50, 3, 19 ) 
Queue #1: 
(33, 4, 8 ) 
Queue #2: 
(30, 5, 21 ) 
Queue #3 : closed
Queue #4 : closed
Time:6
Waiting clients:
(26, 3, 7 )
(2, 7, 17 )
(25, 7, 37 )
(3, 9, 31 )
(17, 9, 19 )
(46, 9, 1 )
(32, 10, 8 )
(6, 11, 21 )
(21, 11, 20 )
(1, 12, 11 )
(12, 12, 14 )
(13, 13, 37 )
(15, 13, 1 )
(44, 13, 7 )
(10, 14, 35 )
(45, 14, 11 )
(24, 15, 38 )
(16, 16, 21 )
(41, 16, 26 )
(42, 16, 25 )
(43, 16, 8 )
(34, 17, 3 )
(49, 17, 1 )
(9, 21, 1 )
(20, 22, 19 )
(35, 23, 17 )
(8, 24, 31 )
(14, 25, 25 )
(19, 26, 20 )
(5, 27, 11 )
(48, 27, 29 )
(11, 29, 6 )
(22, 29, 35 )
(29, 29, 27 )
(38, 30, 37 )
(40, 31, 36 )
(4, 32, 13 )
(7, 32, 3 )
(27, 32, 7 )
(18, 33, 27 )
(47, 34, 38 )
(28, 36, 28 )
(39, 36, 7 )
(37, 37, 30 )
(36, 38, 15 )
(31, 40, 3 )
Queue #0: 
(50, 3, 18 ) 
Queue #1: 
(33, 4, 7 ) 
Queue #2: 
(30, 5, 20 ) 
Queue #3: 
(23, 4, 27 ) 
Queue #4 : closed
Time:7
Waiting clients:
(26, 3, 7 )
(2, 7, 17 )
(3, 9, 31 )
(17, 9, 19 )
(46, 9, 1 )
(32, 10, 8 )
(6, 11, 21 )
(21, 11, 20 )
(1, 12, 11 )
(12, 12, 14 )
(13, 13, 37 )
(15, 13, 1 )
(44, 13, 7 )
(10, 14, 35 )
(45, 14, 11 )
(24, 15, 38 )
(16, 16, 21 )
(41, 16, 26 )
(42, 16, 25 )
(43, 16, 8 )
(34, 17, 3 )
(49, 17, 1 )
(9, 21, 1 )
(20, 22, 19 )
(35, 23, 17 )
(8, 24, 31 )
(14, 25, 25 )
(19, 26, 20 )
(5, 27, 11 )
(48, 27, 29 )
(11, 29, 6 )
(22, 29, 35 )
(29, 29, 27 )
(38, 30, 37 )
(40, 31, 36 )
(4, 32, 13 )
(7, 32, 3 )
(27, 32, 7 )
(18, 33, 27 )
(47, 34, 38 )
(28, 36, 28 )
(39, 36, 7 )
(37, 37, 30 )
(36, 38, 15 )
(31, 40, 3 )
Queue #0: 
(50, 3, 17 ) 
Queue #1: 
(33, 4, 6 ) 
Queue #2: 
(30, 5, 19 ) 
Queue #3: 
(23, 4, 26 ) 
Queue #4: 
(25, 7, 37 ) 
Time:8
Waiting clients:
(26, 3, 7 )
(3, 9, 31 )
(17, 9, 19 )
(46, 9, 1 )
(32, 10, 8 )
(6, 11, 21 )
(21, 11, 20 )
(1, 12, 11 )
(12, 12, 14 )
(13, 13, 37 )
(15, 13, 1 )
(44, 13, 7 )
(10, 14, 35 )
(45, 14, 11 )
(24, 15, 38 )
(16, 16, 21 )
(41, 16, 26 )
(42, 16, 25 )
(43, 16, 8 )
(34, 17, 3 )
(49, 17, 1 )
(9, 21, 1 )
(20, 22, 19 )
(35, 23, 17 )
(8, 24, 31 )
(14, 25, 25 )
(19, 26, 20 )
(5, 27, 11 )
(48, 27, 29 )
(11, 29, 6 )
(22, 29, 35 )
(29, 29, 27 )
(38, 30, 37 )
(40, 31, 36 )
(4, 32, 13 )
(7, 32, 3 )
(27, 32, 7 )
(18, 33, 27 )
(47, 34, 38 )
(28, 36, 28 )
(39, 36, 7 )
(37, 37, 30 )
(36, 38, 15 )
(31, 40, 3 )
Queue #0: 
(50, 3, 16 ) 
Queue #1: 
(33, 4, 5 ) 
(2, 7, 17 ) 
Queue #2: 
(30, 5, 18 ) 
Queue #3: 
(23, 4, 25 ) 
Queue #4: 
(25, 7, 36 ) 
Time:9
Waiting clients:
(26, 3, 7 )
(3, 9, 31 )
(17, 9, 19 )
(32, 10, 8 )
(6, 11, 21 )
(21, 11, 20 )
(1, 12, 11 )
(12, 12, 14 )
(13, 13, 37 )
(15, 13, 1 )
(44, 13, 7 )
(10, 14, 35 )
(45, 14, 11 )
(24, 15, 38 )
(16, 16, 21 )
(41, 16, 26 )
(42, 16, 25 )
(43, 16, 8 )
(34, 17, 3 )
(49, 17, 1 )
(9, 21, 1 )
(20, 22, 19 )
(35, 23, 17 )
(8, 24, 31 )
(14, 25, 25 )
(19, 26, 20 )
(5, 27, 11 )
(48, 27, 29 )
(11, 29, 6 )
(22, 29, 35 )
(29, 29, 27 )
(38, 30, 37 )
(40, 31, 36 )
(4, 32, 13 )
(7, 32, 3 )
(27, 32, 7 )
(18, 33, 27 )
(47, 34, 38 )
(28, 36, 28 )
(39, 36, 7 )
(37, 37, 30 )
(36, 38, 15 )
(31, 40, 3 )
Queue #0: 
(50, 3, 15 ) 
(46, 9, 1 ) 
Queue #1: 
(33, 4, 4 ) 
(2, 7, 17 ) 
Queue #2: 
(30, 5, 17 ) 
Queue #3: 
(23, 4, 24 ) 
Queue #4: 
(25, 7, 35 ) 
Time:10
Waiting clients:
(26, 3, 7 )
(3, 9, 31 )
(17, 9, 19 )
(6, 11, 21 )
(21, 11, 20 )
(1, 12, 11 )
(12, 12, 14 )
(13, 13, 37 )
(15, 13, 1 )
(44, 13, 7 )
(10, 14, 35 )
(45, 14, 11 )
(24, 15, 38 )
(16, 16, 21 )
(41, 16, 26 )
(42, 16, 25 )
(43, 16, 8 )
(34, 17, 3 )
(49, 17, 1 )
(9, 21, 1 )
(20, 22, 19 )
(35, 23, 17 )
(8, 24, 31 )
(14, 25, 25 )
(19, 26, 20 )
(5, 27, 11 )
(48, 27, 29 )
(11, 29, 6 )
(22, 29, 35 )
(29, 29, 27 )
(38, 30, 37 )
(40, 31, 36 )
(4, 32, 13 )
(7, 32, 3 )
(27, 32, 7 )
(18, 33, 27 )
(47, 34, 38 )
(28, 36, 28 )
(39, 36, 7 )
(37, 37, 30 )
(36, 38, 15 )
(31, 40, 3 )
Queue #0: 
(50, 3, 14 ) 
(46, 9, 1 ) 
(32, 10, 8 ) 
Queue #1: 
(33, 4, 3 ) 
(2, 7, 17 ) 
Queue #2: 
(30, 5, 16 ) 
Queue #3: 
(23, 4, 23 ) 
Queue #4: 
(25, 7, 34 ) 
Time:11
Waiting clients:
(26, 3, 7 )
(3, 9, 31 )
(17, 9, 19 )
(6, 11, 21 )
(1, 12, 11 )
(12, 12, 14 )
(13, 13, 37 )
(15, 13, 1 )
(44, 13, 7 )
(10, 14, 35 )
(45, 14, 11 )
(24, 15, 38 )
(16, 16, 21 )
(41, 16, 26 )
(42, 16, 25 )
(43, 16, 8 )
(34, 17, 3 )
(49, 17, 1 )
(9, 21, 1 )
(20, 22, 19 )
(35, 23, 17 )
(8, 24, 31 )
(14, 25, 25 )
(19, 26, 20 )
(5, 27, 11 )
(48, 27, 29 )
(11, 29, 6 )
(22, 29, 35 )
(29, 29, 27 )
(38, 30, 37 )
(40, 31, 36 )
(4, 32, 13 )
(7, 32, 3 )
(27, 32, 7 )
(18, 33, 27 )
(47, 34, 38 )
(28, 36, 28 )
(39, 36, 7 )
(37, 37, 30 )
(36, 38, 15 )
(31, 40, 3 )
Queue #0: 
(50, 3, 13 ) 
(46, 9, 1 ) 
(32, 10, 8 ) 
Queue #1: 
(33, 4, 2 ) 
(2, 7, 17 ) 
Queue #2: 
(30, 5, 15 ) 
(21, 11, 20 ) 
Queue #3: 
(23, 4, 22 ) 
Queue #4: 
(25, 7, 33 ) 
Time:12
Waiting clients:
(26, 3, 7 )
(3, 9, 31 )
(17, 9, 19 )
(6, 11, 21 )
(1, 12, 11 )
(13, 13, 37 )
(15, 13, 1 )
(44, 13, 7 )
(10, 14, 35 )
(45, 14, 11 )
(24, 15, 38 )
(16, 16, 21 )
(41, 16, 26 )
(42, 16, 25 )
(43, 16, 8 )
(34, 17, 3 )
(49, 17, 1 )
(9, 21, 1 )
(20, 22, 19 )
(35, 23, 17 )
(8, 24, 31 )
(14, 25, 25 )
(19, 26, 20 )
(5, 27, 11 )
(48, 27, 29 )
(11, 29, 6 )
(22, 29, 35 )
(29, 29, 27 )
(38, 30, 37 )
(40, 31, 36 )
(4, 32, 13 )
(7, 32, 3 )
(27, 32, 7 )
(18, 33, 27 )
(47, 34, 38 )
(28, 36, 28 )
(39, 36, 7 )
(37, 37, 30 )
(36, 38, 15 )
(31, 40, 3 )
Queue #0: 
(50, 3, 12 ) 
(46, 9, 1 ) 
(32, 10, 8 ) 
Queue #1: 
(33, 4, 1 ) 
(2, 7, 17 ) 
(12, 12, 14 ) 
Queue #2: 
(30, 5, 14 ) 
(21, 11, 20 ) 
Queue #3: 
(23, 4, 21 ) 
Queue #4: 
(25, 7, 32 ) 
Time:13
Waiting clients:
(26, 3, 7 )
(3, 9, 31 )
(17, 9, 19 )
(6, 11, 21 )
(1, 12, 11 )
(13, 13, 37 )
(15, 13, 1 )
(10, 14, 35 )
(45, 14, 11 )
(24, 15, 38 )
(16, 16, 21 )
(41, 16, 26 )
(42, 16, 25 )
(43, 16, 8 )
(34, 17, 3 )
(49, 17, 1 )
(9, 21, 1 )
(20, 22, 19 )
(35, 23, 17 )
(8, 24, 31 )
(14, 25, 25 )
(19, 26, 20 )
(5, 27, 11 )
(48, 27, 29 )
(11, 29, 6 )
(22, 29, 35 )
(29, 29, 27 )
(38, 30, 37 )
(40, 31, 36 )
(4, 32, 13 )
(7, 32, 3 )
(27, 32, 7 )
(18, 33, 27 )
(47, 34, 38 )
(28, 36, 28 )
(39, 36, 7 )
(37, 37, 30 )
(36, 38, 15 )
(31, 40, 3 )
Queue #0: 
(50, 3, 11 ) 
(46, 9, 1 ) 
(32, 10, 8 ) 
(44, 13, 7 ) 
Queue #1: 
(2, 7, 17 ) 
(12, 12, 14 ) 
Queue #2: 
(30, 5, 13 ) 
(21, 11, 20 ) 
Queue #3: 
(23, 4, 20 ) 
Queue #4: 
(25, 7, 31 ) 
Time:14
Waiting clients:
(26, 3, 7 )
(3, 9, 31 )
(17, 9, 19 )
(6, 11, 21 )
(1, 12, 11 )
(13, 13, 37 )
(15, 13, 1 )
(10, 14, 35 )
(24, 15, 38 )
(16, 16, 21 )
(41, 16, 26 )
(42, 16, 25 )
(43, 16, 8 )
(34, 17, 3 )
(49, 17, 1 )
(9, 21, 1 )
(20, 22, 19 )
(35, 23, 17 )
(8, 24, 31 )
(14, 25, 25 )
(19, 26, 20 )
(5, 27, 11 )
(48, 27, 29 )
(11, 29, 6 )
(22, 29, 35 )
(29, 29, 27 )
(38, 30, 37 )
(40, 31, 36 )
(4, 32, 13 )
(7, 32, 3 )
(27, 32, 7 )
(18, 33, 27 )
(47, 34, 38 )
(28, 36, 28 )
(39, 36, 7 )
(37, 37, 30 )
(36, 38, 15 )
(31, 40, 3 )
Queue #0: 
(50, 3, 10 ) 
(46, 9, 1 ) 
(32, 10, 8 ) 
(44, 13, 7 ) 
Queue #1: 
(2, 7, 16 ) 
(12, 12, 14 ) 
Queue #2: 
(30, 5, 12 ) 
(21, 11, 20 ) 
Queue #3: 
(23, 4, 19 ) 
(45, 14, 11 ) 
Queue #4: 
(25, 7, 30 ) 
Time:15
Waiting clients:
(26, 3, 7 )
(3, 9, 31 )
(17, 9, 19 )
(6, 11, 21 )
(1, 12, 11 )
(13, 13, 37 )
(15, 13, 1 )
(10, 14, 35 )
(16, 16, 21 )
(41, 16, 26 )
(42, 16, 25 )
(43, 16, 8 )
(34, 17, 3 )
(49, 17, 1 )
(9, 21, 1 )
(20, 22, 19 )
(35, 23, 17 )
(8, 24, 31 )
(14, 25, 25 )
(19, 26, 20 )
(5, 27, 11 )
(48, 27, 29 )
(11, 29, 6 )
(22, 29, 35 )
(29, 29, 27 )
(38, 30, 37 )
(40, 31, 36 )
(4, 32, 13 )
(7, 32, 3 )
(27, 32, 7 )
(18, 33, 27 )
(47, 34, 38 )
(28, 36, 28 )
(39, 36, 7 )
(37, 37, 30 )
(36, 38, 15 )
(31, 40, 3 )
Queue #0: 
(50, 3, 9 ) 
(46, 9, 1 ) 
(32, 10, 8 ) 
(44, 13, 7 ) 
(24, 15, 38 ) 
Queue #1: 
(2, 7, 15 ) 
(12, 12, 14 ) 
Queue #2: 
(30, 5, 11 ) 
(21, 11, 20 ) 
Queue #3: 
(23, 4, 18 ) 
(45, 14, 11 ) 
Queue #4: 
(25, 7, 29 ) 
Time:16
Waiting clients:
(26, 3, 7 )
(3, 9, 31 )
(17, 9, 19 )
(6, 11, 21 )
(1, 12, 11 )
(13, 13, 37 )
(15, 13, 1 )
(10, 14, 35 )
(16, 16, 21 )
(41, 16, 26 )
(42, 16, 25 )
(34, 17, 3 )
(49, 17, 1 )
(9, 21, 1 )
(20, 22, 19 )
(35, 23, 17 )
(8, 24, 31 )
(14, 25, 25 )
(19, 26, 20 )
(5, 27, 11 )
(48, 27, 29 )
(11, 29, 6 )
(22, 29, 35 )
(29, 29, 27 )
(38, 30, 37 )
(40, 31, 36 )
(4, 32, 13 )
(7, 32, 3 )
(27, 32, 7 )
(18, 33, 27 )
(47, 34, 38 )
(28, 36, 28 )
(39, 36, 7 )
(37, 37, 30 )
(36, 38, 15 )
(31, 40, 3 )
Queue #0: 
(50, 3, 8 ) 
(46, 9, 1 ) 
(32, 10, 8 ) 
(44, 13, 7 ) 
(24, 15, 38 ) 
Queue #1: 
(2, 7, 14 ) 
(12, 12, 14 ) 
(43, 16, 8 ) 
Queue #2: 
(30, 5, 10 ) 
(21, 11, 20 ) 
Queue #3: 
(23, 4, 17 ) 
(45, 14, 11 ) 
Queue #4: 
(25, 7, 28 ) 
Time:17
Waiting clients:
(26, 3, 7 )
(3, 9, 31 )
(17, 9, 19 )
(6, 11, 21 )
(1, 12, 11 )
(13, 13, 37 )
(15, 13, 1 )
(10, 14, 35 )
(16, 16, 21 )
(41, 16, 26 )
(42, 16, 25 )
(34, 17, 3 )
(9, 21, 1 )
(20, 22, 19 )
(35, 23, 17 )
(8, 24, 31 )
(14, 25, 25 )
(19, 26, 20 )
(5, 27, 11 )
(48, 27, 29 )
(11, 29, 6 )
(22, 29, 35 )
(29, 29, 27 )
(38, 30, 37 )
(40, 31, 36 )
(4, 32, 13 )
(7, 32, 3 )
(27, 32, 7 )
(18, 33, 27 )
(47, 34, 38 )
(28, 36, 28 )
(39, 36, 7 )
(37, 37, 30 )
(36, 38, 15 )
(31, 40, 3 )
Queue #0: 
(50, 3, 7 ) 
(46, 9, 1 ) 
(32, 10, 8 ) 
(44, 13, 7 ) 
(24, 15, 38 ) 
Queue #1: 
(2, 7, 13 ) 
(12, 12, 14 ) 
(43, 16, 8 ) 
Queue #2: 
(30, 5, 9 ) 
(21, 11, 20 ) 
Queue #3: 
(23, 4, 16 ) 
(45, 14, 11 ) 
(49, 17, 1 ) 
Queue #4: 
(25, 7, 27 ) 
Time:18
Waiting clients:
(26, 3, 7 )
(3, 9, 31 )
(17, 9, 19 )
(6, 11, 21 )
(1, 12, 11 )
(13, 13, 37 )
(15, 13, 1 )
(10, 14, 35 )
(16, 16, 21 )
(41, 16, 26 )
(42, 16, 25 )
(9, 21, 1 )
(20, 22, 19 )
(35, 23, 17 )
(8, 24, 31 )
(14, 25, 25 )
(19, 26, 20 )
(5, 27, 11 )
(48, 27, 29 )
(11, 29, 6 )
(22, 29, 35 )
(29, 29, 27 )
(38, 30, 37 )
(40, 31, 36 )
(4, 32, 13 )
(7, 32, 3 )
(27, 32, 7 )
(18, 33, 27 )
(47, 34, 38 )
(28, 36, 28 )
(39, 36, 7 )
(37, 37, 30 )
(36, 38, 15 )
(31, 40, 3 )
Queue #0: 
(50, 3, 6 ) 
(46, 9, 1 ) 
(32, 10, 8 ) 
(44, 13, 7 ) 
(24, 15, 38 ) 
Queue #1: 
(2, 7, 12 ) 
(12, 12, 14 ) 
(43, 16, 8 ) 
Queue #2: 
(30, 5, 8 ) 
(21, 11, 20 ) 
Queue #3: 
(23, 4, 15 ) 
(45, 14, 11 ) 
(49, 17, 1 ) 
Queue #4: 
(25, 7, 26 ) 
(34, 17, 3 ) 
Time:19
Waiting clients:
(26, 3, 7 )
(3, 9, 31 )
(17, 9, 19 )
(6, 11, 21 )
(1, 12, 11 )
(13, 13, 37 )
(15, 13, 1 )
(10, 14, 35 )
(16, 16, 21 )
(41, 16, 26 )
(9, 21, 1 )
(20, 22, 19 )
(35, 23, 17 )
(8, 24, 31 )
(14, 25, 25 )
(19, 26, 20 )
(5, 27, 11 )
(48, 27, 29 )
(11, 29, 6 )
(22, 29, 35 )
(29, 29, 27 )
(38, 30, 37 )
(40, 31, 36 )
(4, 32, 13 )
(7, 32, 3 )
(27, 32, 7 )
(18, 33, 27 )
(47, 34, 38 )
(28, 36, 28 )
(39, 36, 7 )
(37, 37, 30 )
(36, 38, 15 )
(31, 40, 3 )
Queue #0: 
(50, 3, 5 ) 
(46, 9, 1 ) 
(32, 10, 8 ) 
(44, 13, 7 ) 
(24, 15, 38 ) 
Queue #1: 
(2, 7, 11 ) 
(12, 12, 14 ) 
(43, 16, 8 ) 
Queue #2: 
(30, 5, 7 ) 
(21, 11, 20 ) 
Queue #3: 
(23, 4, 14 ) 
(45, 14, 11 ) 
(49, 17, 1 ) 
(42, 16, 25 ) 
Queue #4: 
(25, 7, 25 ) 
(34, 17, 3 ) 
Time:20
Waiting clients:
(26, 3, 7 )
(3, 9, 31 )
(17, 9, 19 )
(6, 11, 21 )
(1, 12, 11 )
(13, 13, 37 )
(15, 13, 1 )
(10, 14, 35 )
(16, 16, 21 )
(9, 21, 1 )
(20, 22, 19 )
(35, 23, 17 )
(8, 24, 31 )
(14, 25, 25 )
(19, 26, 20 )
(5, 27, 11 )
(48, 27, 29 )
(11, 29, 6 )
(22, 29, 35 )
(29, 29, 27 )
(38, 30, 37 )
(40, 31, 36 )
(4, 32, 13 )
(7, 32, 3 )
(27, 32, 7 )
(18, 33, 27 )
(47, 34, 38 )
(28, 36, 28 )
(39, 36, 7 )
(37, 37, 30 )
(36, 38, 15 )
(31, 40, 3 )
Queue #0: 
(50, 3, 4 ) 
(46, 9, 1 ) 
(32, 10, 8 ) 
(44, 13, 7 ) 
(24, 15, 38 ) 
Queue #1: 
(2, 7, 10 ) 
(12, 12, 14 ) 
(43, 16, 8 ) 
Queue #2: 
(30, 5, 6 ) 
(21, 11, 20 ) 
(41, 16, 26 ) 
Queue #3: 
(23, 4, 13 ) 
(45, 14, 11 ) 
(49, 17, 1 ) 
(42, 16, 25 ) 
Queue #4: 
(25, 7, 24 ) 
(34, 17, 3 ) 
Time:21
Waiting clients:
(26, 3, 7 )
(3, 9, 31 )
(17, 9, 19 )
(6, 11, 21 )
(1, 12, 11 )
(13, 13, 37 )
(15, 13, 1 )
(10, 14, 35 )
(16, 16, 21 )
(20, 22, 19 )
(35, 23, 17 )
(8, 24, 31 )
(14, 25, 25 )
(19, 26, 20 )
(5, 27, 11 )
(48, 27, 29 )
(11, 29, 6 )
(22, 29, 35 )
(29, 29, 27 )
(38, 30, 37 )
(40, 31, 36 )
(4, 32, 13 )
(7, 32, 3 )
(27, 32, 7 )
(18, 33, 27 )
(47, 34, 38 )
(28, 36, 28 )
(39, 36, 7 )
(37, 37, 30 )
(36, 38, 15 )
(31, 40, 3 )
Queue #0: 
(50, 3, 3 ) 
(46, 9, 1 ) 
(32, 10, 8 ) 
(44, 13, 7 ) 
(24, 15, 38 ) 
Queue #1: 
(2, 7, 9 ) 
(12, 12, 14 ) 
(43, 16, 8 ) 
Queue #2: 
(30, 5, 5 ) 
(21, 11, 20 ) 
(41, 16, 26 ) 
Queue #3: 
(23, 4, 12 ) 
(45, 14, 11 ) 
(49, 17, 1 ) 
(42, 16, 25 ) 
Queue #4: 
(25, 7, 23 ) 
(34, 17, 3 ) 
(9, 21, 1 ) 
Time:22
Waiting clients:
(26, 3, 7 )
(3, 9, 31 )
(17, 9, 19 )
(6, 11, 21 )
(1, 12, 11 )
(13, 13, 37 )
(15, 13, 1 )
(10, 14, 35 )
(16, 16, 21 )
(35, 23, 17 )
(8, 24, 31 )
(14, 25, 25 )
(19, 26, 20 )
(5, 27, 11 )
(48, 27, 29 )
(11, 29, 6 )
(22, 29, 35 )
(29, 29, 27 )
(38, 30, 37 )
(40, 31, 36 )
(4, 32, 13 )
(7, 32, 3 )
(27, 32, 7 )
(18, 33, 27 )
(47, 34, 38 )
(28, 36, 28 )
(39, 36, 7 )
(37, 37, 30 )
(36, 38, 15 )
(31, 40, 3 )
Queue #0: 
(50, 3, 2 ) 
(46, 9, 1 ) 
(32, 10, 8 ) 
(44, 13, 7 ) 
(24, 15, 38 ) 
Queue #1: 
(2, 7, 8 ) 
(12, 12, 14 ) 
(43, 16, 8 ) 
Queue #2: 
(30, 5, 4 ) 
(21, 11, 20 ) 
(41, 16, 26 ) 
Queue #3: 
(23, 4, 11 ) 
(45, 14, 11 ) 
(49, 17, 1 ) 
(42, 16, 25 ) 
Queue #4: 
(25, 7, 22 ) 
(34, 17, 3 ) 
(9, 21, 1 ) 
(20, 22, 19 ) 
Time:23
Waiting clients:
(26, 3, 7 )
(3, 9, 31 )
(17, 9, 19 )
(6, 11, 21 )
(1, 12, 11 )
(13, 13, 37 )
(15, 13, 1 )
(10, 14, 35 )
(16, 16, 21 )
(8, 24, 31 )
(14, 25, 25 )
(19, 26, 20 )
(5, 27, 11 )
(48, 27, 29 )
(11, 29, 6 )
(22, 29, 35 )
(29, 29, 27 )
(38, 30, 37 )
(40, 31, 36 )
(4, 32, 13 )
(7, 32, 3 )
(27, 32, 7 )
(18, 33, 27 )
(47, 34, 38 )
(28, 36, 28 )
(39, 36, 7 )
(37, 37, 30 )
(36, 38, 15 )
(31, 40, 3 )
Queue #0: 
(50, 3, 1 ) 
(46, 9, 1 ) 
(32, 10, 8 ) 
(44, 13, 7 ) 
(24, 15, 38 ) 
Queue #1: 
(2, 7, 7 ) 
(12, 12, 14 ) 
(43, 16, 8 ) 
(35, 23, 17 ) 
Queue #2: 
(30, 5, 3 ) 
(21, 11, 20 ) 
(41, 16, 26 ) 
Queue #3: 
(23, 4, 10 ) 
(45, 14, 11 ) 
(49, 17, 1 ) 
(42, 16, 25 ) 
Queue #4: 
(25, 7, 21 ) 
(34, 17, 3 ) 
(9, 21, 1 ) 
(20, 22, 19 ) 
Time:24
Waiting clients:
(26, 3, 7 )
(3, 9, 31 )
(17, 9, 19 )
(6, 11, 21 )
(1, 12, 11 )
(13, 13, 37 )
(15, 13, 1 )
(10, 14, 35 )
(16, 16, 21 )
(14, 25, 25 )
(19, 26, 20 )
(5, 27, 11 )
(48, 27, 29 )
(11, 29, 6 )
(22, 29, 35 )
(29, 29, 27 )
(38, 30, 37 )
(40, 31, 36 )
(4, 32, 13 )
(7, 32, 3 )
(27, 32, 7 )
(18, 33, 27 )
(47, 34, 38 )
(28, 36, 28 )
(39, 36, 7 )
(37, 37, 30 )
(36, 38, 15 )
(31, 40, 3 )
Queue #0: 
(46, 9, 1 ) 
(32, 10, 8 ) 
(44, 13, 7 ) 
(24, 15, 38 ) 
Queue #1: 
(2, 7, 6 ) 
(12, 12, 14 ) 
(43, 16, 8 ) 
(35, 23, 17 ) 
Queue #2: 
(30, 5, 2 ) 
(21, 11, 20 ) 
(41, 16, 26 ) 
Queue #3: 
(23, 4, 9 ) 
(45, 14, 11 ) 
(49, 17, 1 ) 
(42, 16, 25 ) 
Queue #4: 
(25, 7, 20 ) 
(34, 17, 3 ) 
(9, 21, 1 ) 
(20, 22, 19 ) 
(8, 24, 31 ) 
Time:25
Waiting clients:
(26, 3, 7 )
(3, 9, 31 )
(17, 9, 19 )
(6, 11, 21 )
(1, 12, 11 )
(13, 13, 37 )
(15, 13, 1 )
(10, 14, 35 )
(16, 16, 21 )
(19, 26, 20 )
(5, 27, 11 )
(48, 27, 29 )
(11, 29, 6 )
(22, 29, 35 )
(29, 29, 27 )
(38, 30, 37 )
(40, 31, 36 )
(4, 32, 13 )
(7, 32, 3 )
(27, 32, 7 )
(18, 33, 27 )
(47, 34, 38 )
(28, 36, 28 )
(39, 36, 7 )
(37, 37, 30 )
(36, 38, 15 )
(31, 40, 3 )
Queue #0: 
(32, 10, 8 ) 
(44, 13, 7 ) 
(24, 15, 38 ) 
Queue #1: 
(2, 7, 5 ) 
(12, 12, 14 ) 
(43, 16, 8 ) 
(35, 23, 17 ) 
(14, 25, 25 ) 
Queue #2: 
(30, 5, 1 ) 
(21, 11, 20 ) 
(41, 16, 26 ) 
Queue #3: 
(23, 4, 8 ) 
(45, 14, 11 ) 
(49, 17, 1 ) 
(42, 16, 25 ) 
Queue #4: 
(25, 7, 19 ) 
(34, 17, 3 ) 
(9, 21, 1 ) 
(20, 22, 19 ) 
(8, 24, 31 ) 
Time:26
Waiting clients:
(26, 3, 7 )
(3, 9, 31 )
(17, 9, 19 )
(6, 11, 21 )
(1, 12, 11 )
(13, 13, 37 )
(15, 13, 1 )
(10, 14, 35 )
(16, 16, 21 )
(5, 27, 11 )
(48, 27, 29 )
(11, 29, 6 )
(22, 29, 35 )
(29, 29, 27 )
(38, 30, 37 )
(40, 31, 36 )
(4, 32, 13 )
(7, 32, 3 )
(27, 32, 7 )
(18, 33, 27 )
(47, 34, 38 )
(28, 36, 28 )
(39, 36, 7 )
(37, 37, 30 )
(36, 38, 15 )
(31, 40, 3 )
Queue #0: 
(32, 10, 7 ) 
(44, 13, 7 ) 
(24, 15, 38 ) 
Queue #1: 
(2, 7, 4 ) 
(12, 12, 14 ) 
(43, 16, 8 ) 
(35, 23, 17 ) 
(14, 25, 25 ) 
Queue #2: 
(21, 11, 20 ) 
(41, 16, 26 ) 
Queue #3: 
(23, 4, 7 ) 
(45, 14, 11 ) 
(49, 17, 1 ) 
(42, 16, 25 ) 
(19, 26, 20 ) 
Queue #4: 
(25, 7, 18 ) 
(34, 17, 3 ) 
(9, 21, 1 ) 
(20, 22, 19 ) 
(8, 24, 31 ) 
Time:27
Waiting clients:
(26, 3, 7 )
(3, 9, 31 )
(17, 9, 19 )
(6, 11, 21 )
(1, 12, 11 )
(13, 13, 37 )
(15, 13, 1 )
(10, 14, 35 )
(16, 16, 21 )
(5, 27, 11 )
(11, 29, 6 )
(22, 29, 35 )
(29, 29, 27 )
(38, 30, 37 )
(40, 31, 36 )
(4, 32, 13 )
(7, 32, 3 )
(27, 32, 7 )
(18, 33, 27 )
(47, 34, 38 )
(28, 36, 28 )
(39, 36, 7 )
(37, 37, 30 )
(36, 38, 15 )
(31, 40, 3 )
Queue #0: 
(32, 10, 6 ) 
(44, 13, 7 ) 
(24, 15, 38 ) 
Queue #1: 
(2, 7, 3 ) 
(12, 12, 14 ) 
(43, 16, 8 ) 
(35, 23, 17 ) 
(14, 25, 25 ) 
Queue #2: 
(21, 11, 19 ) 
(41, 16, 26 ) 
(48, 27, 29 ) 
Queue #3: 
(23, 4, 6 ) 
(45, 14, 11 ) 
(49, 17, 1 ) 
(42, 16, 25 ) 
(19, 26, 20 ) 
Queue #4: 
(25, 7, 17 ) 
(34, 17, 3 ) 
(9, 21, 1 ) 
(20, 22, 19 ) 
(8, 24, 31 ) 
Time:28
Waiting clients:
(26, 3, 7 )
(3, 9, 31 )
(17, 9, 19 )
(6, 11, 21 )
(1, 12, 11 )
(13, 13, 37 )
(15, 13, 1 )
(10, 14, 35 )
(16, 16, 21 )
(11, 29, 6 )
(22, 29, 35 )
(29, 29, 27 )
(38, 30, 37 )
(40, 31, 36 )
(4, 32, 13 )
(7, 32, 3 )
(27, 32, 7 )
(18, 33, 27 )
(47, 34, 38 )
(28, 36, 28 )
(39, 36, 7 )
(37, 37, 30 )
(36, 38, 15 )
(31, 40, 3 )
Queue #0: 
(32, 10, 5 ) 
(44, 13, 7 ) 
(24, 15, 38 ) 
(5, 27, 11 ) 
Queue #1: 
(2, 7, 2 ) 
(12, 12, 14 ) 
(43, 16, 8 ) 
(35, 23, 17 ) 
(14, 25, 25 ) 
Queue #2: 
(21, 11, 18 ) 
(41, 16, 26 ) 
(48, 27, 29 ) 
Queue #3: 
(23, 4, 5 ) 
(45, 14, 11 ) 
(49, 17, 1 ) 
(42, 16, 25 ) 
(19, 26, 20 ) 
Queue #4: 
(25, 7, 16 ) 
(34, 17, 3 ) 
(9, 21, 1 ) 
(20, 22, 19 ) 
(8, 24, 31 ) 
Time:29
Waiting clients:
(26, 3, 7 )
(3, 9, 31 )
(17, 9, 19 )
(6, 11, 21 )
(1, 12, 11 )
(13, 13, 37 )
(15, 13, 1 )
(10, 14, 35 )
(16, 16, 21 )
(11, 29, 6 )
(22, 29, 35 )
(38, 30, 37 )
(40, 31, 36 )
(4, 32, 13 )
(7, 32, 3 )
(27, 32, 7 )
(18, 33, 27 )
(47, 34, 38 )
(28, 36, 28 )
(39, 36, 7 )
(37, 37, 30 )
(36, 38, 15 )
(31, 40, 3 )
Queue #0: 
(32, 10, 4 ) 
(44, 13, 7 ) 
(24, 15, 38 ) 
(5, 27, 11 ) 
(29, 29, 27 ) 
Queue #1: 
(2, 7, 1 ) 
(12, 12, 14 ) 
(43, 16, 8 ) 
(35, 23, 17 ) 
(14, 25, 25 ) 
Queue #2: 
(21, 11, 17 ) 
(41, 16, 26 ) 
(48, 27, 29 ) 
Queue #3: 
(23, 4, 4 ) 
(45, 14, 11 ) 
(49, 17, 1 ) 
(42, 16, 25 ) 
(19, 26, 20 ) 
Queue #4: 
(25, 7, 15 ) 
(34, 17, 3 ) 
(9, 21, 1 ) 
(20, 22, 19 ) 
(8, 24, 31 ) 
Time:30
Waiting clients:
(26, 3, 7 )
(3, 9, 31 )
(17, 9, 19 )
(6, 11, 21 )
(1, 12, 11 )
(13, 13, 37 )
(15, 13, 1 )
(10, 14, 35 )
(16, 16, 21 )
(11, 29, 6 )
(22, 29, 35 )
(40, 31, 36 )
(4, 32, 13 )
(7, 32, 3 )
(27, 32, 7 )
(18, 33, 27 )
(47, 34, 38 )
(28, 36, 28 )
(39, 36, 7 )
(37, 37, 30 )
(36, 38, 15 )
(31, 40, 3 )
Queue #0: 
(32, 10, 3 ) 
(44, 13, 7 ) 
(24, 15, 38 ) 
(5, 27, 11 ) 
(29, 29, 27 ) 
Queue #1: 
(12, 12, 14 ) 
(43, 16, 8 ) 
(35, 23, 17 ) 
(14, 25, 25 ) 
Queue #2: 
(21, 11, 16 ) 
(41, 16, 26 ) 
(48, 27, 29 ) 
Queue #3: 
(23, 4, 3 ) 
(45, 14, 11 ) 
(49, 17, 1 ) 
(42, 16, 25 ) 
(19, 26, 20 ) 
(38, 30, 37 ) 
Queue #4: 
(25, 7, 14 ) 
(34, 17, 3 ) 
(9, 21, 1 ) 
(20, 22, 19 ) 
(8, 24, 31 ) 
Time:31
Waiting clients:
(26, 3, 7 )
(3, 9, 31 )
(17, 9, 19 )
(6, 11, 21 )
(1, 12, 11 )
(13, 13, 37 )
(15, 13, 1 )
(10, 14, 35 )
(16, 16, 21 )
(11, 29, 6 )
(22, 29, 35 )
(4, 32, 13 )
(7, 32, 3 )
(27, 32, 7 )
(18, 33, 27 )
(47, 34, 38 )
(28, 36, 28 )
(39, 36, 7 )
(37, 37, 30 )
(36, 38, 15 )
(31, 40, 3 )
Queue #0: 
(32, 10, 2 ) 
(44, 13, 7 ) 
(24, 15, 38 ) 
(5, 27, 11 ) 
(29, 29, 27 ) 
Queue #1: 
(12, 12, 13 ) 
(43, 16, 8 ) 
(35, 23, 17 ) 
(14, 25, 25 ) 
(40, 31, 36 ) 
Queue #2: 
(21, 11, 15 ) 
(41, 16, 26 ) 
(48, 27, 29 ) 
Queue #3: 
(23, 4, 2 ) 
(45, 14, 11 ) 
(49, 17, 1 ) 
(42, 16, 25 ) 
(19, 26, 20 ) 
(38, 30, 37 ) 
Queue #4: 
(25, 7, 13 ) 
(34, 17, 3 ) 
(9, 21, 1 ) 
(20, 22, 19 ) 
(8, 24, 31 ) 
Time:32
Waiting clients:
(26, 3, 7 )
(3, 9, 31 )
(17, 9, 19 )
(6, 11, 21 )
(1, 12, 11 )
(13, 13, 37 )
(15, 13, 1 )
(10, 14, 35 )
(16, 16, 21 )
(11, 29, 6 )
(22, 29, 35 )
(4, 32, 13 )
(7, 32, 3 )
(18, 33, 27 )
(47, 34, 38 )
(28, 36, 28 )
(39, 36, 7 )
(37, 37, 30 )
(36, 38, 15 )
(31, 40, 3 )
Queue #0: 
(32, 10, 1 ) 
(44, 13, 7 ) 
(24, 15, 38 ) 
(5, 27, 11 ) 
(29, 29, 27 ) 
Queue #1: 
(12, 12, 12 ) 
(43, 16, 8 ) 
(35, 23, 17 ) 
(14, 25, 25 ) 
(40, 31, 36 ) 
Queue #2: 
(21, 11, 14 ) 
(41, 16, 26 ) 
(48, 27, 29 ) 
Queue #3: 
(23, 4, 1 ) 
(45, 14, 11 ) 
(49, 17, 1 ) 
(42, 16, 25 ) 
(19, 26, 20 ) 
(38, 30, 37 ) 
Queue #4: 
(25, 7, 12 ) 
(34, 17, 3 ) 
(9, 21, 1 ) 
(20, 22, 19 ) 
(8, 24, 31 ) 
(27, 32, 7 ) 
Time:33
Waiting clients:
(26, 3, 7 )
(3, 9, 31 )
(17, 9, 19 )
(6, 11, 21 )
(1, 12, 11 )
(13, 13, 37 )
(15, 13, 1 )
(10, 14, 35 )
(16, 16, 21 )
(11, 29, 6 )
(22, 29, 35 )
(4, 32, 13 )
(7, 32, 3 )
(47, 34, 38 )
(28, 36, 28 )
(39, 36, 7 )
(37, 37, 30 )
(36, 38, 15 )
(31, 40, 3 )
Queue #0: 
(44, 13, 7 ) 
(24, 15, 38 ) 
(5, 27, 11 ) 
(29, 29, 27 ) 
Queue #1: 
(12, 12, 11 ) 
(43, 16, 8 ) 
(35, 23, 17 ) 
(14, 25, 25 ) 
(40, 31, 36 ) 
Queue #2: 
(21, 11, 13 ) 
(41, 16, 26 ) 
(48, 27, 29 ) 
(18, 33, 27 ) 
Queue #3: 
(45, 14, 11 ) 
(49, 17, 1 ) 
(42, 16, 25 ) 
(19, 26, 20 ) 
(38, 30, 37 ) 
Queue #4: 
(25, 7, 11 ) 
(34, 17, 3 ) 
(9, 21, 1 ) 
(20, 22, 19 ) 
(8, 24, 31 ) 
(27, 32, 7 ) 
Time:34
Waiting clients:
(26, 3, 7 )
(3, 9, 31 )
(17, 9, 19 )
(6, 11, 21 )
(1, 12, 11 )
(13, 13, 37 )
(15, 13, 1 )
(10, 14, 35 )
(16, 16, 21 )
(11, 29, 6 )
(22, 29, 35 )
(4, 32, 13 )
(7, 32, 3 )
(28, 36, 28 )
(39, 36, 7 )
(37, 37, 30 )
(36, 38, 15 )
(31, 40, 3 )
Queue #0: 
(44, 13, 6 ) 
(24, 15, 38 ) 
(5, 27, 11 ) 
(29, 29, 27 ) 
Queue #1: 
(12, 12, 10 ) 
(43, 16, 8 ) 
(35, 23, 17 ) 
(14, 25, 25 ) 
(40, 31, 36 ) 
Queue #2: 
(21, 11, 12 ) 
(41, 16, 26 ) 
(48, 27, 29 ) 
(18, 33, 27 ) 
Queue #3: 
(45, 14, 10 ) 
(49, 17, 1 ) 
(42, 16, 25 ) 
(19, 26, 20 ) 
(38, 30, 37 ) 
Queue #4: 
(25, 7, 10 ) 
(34, 17, 3 ) 
(9, 21, 1 ) 
(20, 22, 19 ) 
(8, 24, 31 ) 
(27, 32, 7 ) 
(47, 34, 38 ) 
Time:35
Waiting clients:
(26, 3, 7 )
(3, 9, 31 )
(17, 9, 19 )
(6, 11, 21 )
(1, 12, 11 )
(13, 13, 37 )
(15, 13, 1 )
(10, 14, 35 )
(16, 16, 21 )
(11, 29, 6 )
(22, 29, 35 )
(4, 32, 13 )
(28, 36, 28 )
(39, 36, 7 )
(37, 37, 30 )
(36, 38, 15 )
(31, 40, 3 )
Queue #0: 
(44, 13, 5 ) 
(24, 15, 38 ) 
(5, 27, 11 ) 
(29, 29, 27 ) 
(7, 32, 3 ) 
Queue #1: 
(12, 12, 9 ) 
(43, 16, 8 ) 
(35, 23, 17 ) 
(14, 25, 25 ) 
(40, 31, 36 ) 
Queue #2: 
(21, 11, 11 ) 
(41, 16, 26 ) 
(48, 27, 29 ) 
(18, 33, 27 ) 
Queue #3: 
(45, 14, 9 ) 
(49, 17, 1 ) 
(42, 16, 25 ) 
(19, 26, 20 ) 
(38, 30, 37 ) 
Queue #4: 
(25, 7, 9 ) 
(34, 17, 3 ) 
(9, 21, 1 ) 
(20, 22, 19 ) 
(8, 24, 31 ) 
(27, 32, 7 ) 
(47, 34, 38 ) 
Time:36
Waiting clients:
(26, 3, 7 )
(3, 9, 31 )
(17, 9, 19 )
(6, 11, 21 )
(1, 12, 11 )
(13, 13, 37 )
(15, 13, 1 )
(10, 14, 35 )
(16, 16, 21 )
(11, 29, 6 )
(22, 29, 35 )
(4, 32, 13 )
(28, 36, 28 )
(37, 37, 30 )
(36, 38, 15 )
(31, 40, 3 )
Queue #0: 
(44, 13, 4 ) 
(24, 15, 38 ) 
(5, 27, 11 ) 
(29, 29, 27 ) 
(7, 32, 3 ) 
(39, 36, 7 ) 
Queue #1: 
(12, 12, 8 ) 
(43, 16, 8 ) 
(35, 23, 17 ) 
(14, 25, 25 ) 
(40, 31, 36 ) 
Queue #2: 
(21, 11, 10 ) 
(41, 16, 26 ) 
(48, 27, 29 ) 
(18, 33, 27 ) 
Queue #3: 
(45, 14, 8 ) 
(49, 17, 1 ) 
(42, 16, 25 ) 
(19, 26, 20 ) 
(38, 30, 37 ) 
Queue #4: 
(25, 7, 8 ) 
(34, 17, 3 ) 
(9, 21, 1 ) 
(20, 22, 19 ) 
(8, 24, 31 ) 
(27, 32, 7 ) 
(47, 34, 38 ) 
Time:37
Waiting clients:
(26, 3, 7 )
(3, 9, 31 )
(17, 9, 19 )
(6, 11, 21 )
(1, 12, 11 )
(13, 13, 37 )
(15, 13, 1 )
(10, 14, 35 )
(16, 16, 21 )
(11, 29, 6 )
(22, 29, 35 )
(4, 32, 13 )
(28, 36, 28 )
(36, 38, 15 )
(31, 40, 3 )
Queue #0: 
(44, 13, 3 ) 
(24, 15, 38 ) 
(5, 27, 11 ) 
(29, 29, 27 ) 
(7, 32, 3 ) 
(39, 36, 7 ) 
(37, 37, 30 ) 
Queue #1: 
(12, 12, 7 ) 
(43, 16, 8 ) 
(35, 23, 17 ) 
(14, 25, 25 ) 
(40, 31, 36 ) 
Queue #2: 
(21, 11, 9 ) 
(41, 16, 26 ) 
(48, 27, 29 ) 
(18, 33, 27 ) 
Queue #3: 
(45, 14, 7 ) 
(49, 17, 1 ) 
(42, 16, 25 ) 
(19, 26, 20 ) 
(38, 30, 37 ) 
Queue #4: 
(25, 7, 7 ) 
(34, 17, 3 ) 
(9, 21, 1 ) 
(20, 22, 19 ) 
(8, 24, 31 ) 
(27, 32, 7 ) 
(47, 34, 38 ) 
Time:38
Waiting clients:
(26, 3, 7 )
(3, 9, 31 )
(17, 9, 19 )
(6, 11, 21 )
(1, 12, 11 )
(13, 13, 37 )
(15, 13, 1 )
(10, 14, 35 )
(16, 16, 21 )
(11, 29, 6 )
(22, 29, 35 )
(4, 32, 13 )
(28, 36, 28 )
(31, 40, 3 )
Queue #0: 
(44, 13, 2 ) 
(24, 15, 38 ) 
(5, 27, 11 ) 
(29, 29, 27 ) 
(7, 32, 3 ) 
(39, 36, 7 ) 
(37, 37, 30 ) 
Queue #1: 
(12, 12, 6 ) 
(43, 16, 8 ) 
(35, 23, 17 ) 
(14, 25, 25 ) 
(40, 31, 36 ) 
Queue #2: 
(21, 11, 8 ) 
(41, 16, 26 ) 
(48, 27, 29 ) 
(18, 33, 27 ) 
Queue #3: 
(45, 14, 6 ) 
(49, 17, 1 ) 
(42, 16, 25 ) 
(19, 26, 20 ) 
(38, 30, 37 ) 
(36, 38, 15 ) 
Queue #4: 
(25, 7, 6 ) 
(34, 17, 3 ) 
(9, 21, 1 ) 
(20, 22, 19 ) 
(8, 24, 31 ) 
(27, 32, 7 ) 
(47, 34, 38 ) 
Time:39
Waiting clients:
(26, 3, 7 )
(3, 9, 31 )
(17, 9, 19 )
(6, 11, 21 )
(1, 12, 11 )
(13, 13, 37 )
(15, 13, 1 )
(10, 14, 35 )
(16, 16, 21 )
(11, 29, 6 )
(22, 29, 35 )
(4, 32, 13 )
(31, 40, 3 )
Queue #0: 
(44, 13, 1 ) 
(24, 15, 38 ) 
(5, 27, 11 ) 
(29, 29, 27 ) 
(7, 32, 3 ) 
(39, 36, 7 ) 
(37, 37, 30 ) 
Queue #1: 
(12, 12, 5 ) 
(43, 16, 8 ) 
(35, 23, 17 ) 
(14, 25, 25 ) 
(40, 31, 36 ) 
Queue #2: 
(21, 11, 7 ) 
(41, 16, 26 ) 
(48, 27, 29 ) 
(18, 33, 27 ) 
(28, 36, 28 ) 
Queue #3: 
(45, 14, 5 ) 
(49, 17, 1 ) 
(42, 16, 25 ) 
(19, 26, 20 ) 
(38, 30, 37 ) 
(36, 38, 15 ) 
Queue #4: 
(25, 7, 5 ) 
(34, 17, 3 ) 
(9, 21, 1 ) 
(20, 22, 19 ) 
(8, 24, 31 ) 
(27, 32, 7 ) 
(47, 34, 38 ) 
Time:40
Waiting clients:
(26, 3, 7 )
(3, 9, 31 )
(17, 9, 19 )
(6, 11, 21 )
(1, 12, 11 )
(13, 13, 37 )
(15, 13, 1 )
(10, 14, 35 )
(16, 16, 21 )
(11, 29, 6 )
(22, 29, 35 )
(4, 32, 13 )
Queue #0: 
(24, 15, 38 ) 
(5, 27, 11 ) 
(29, 29, 27 ) 
(7, 32, 3 ) 
(39, 36, 7 ) 
(37, 37, 30 ) 
Queue #1: 
(12, 12, 4 ) 
(43, 16, 8 ) 
(35, 23, 17 ) 
(14, 25, 25 ) 
(40, 31, 36 ) 
(31, 40, 3 ) 
Queue #2: 
(21, 11, 6 ) 
(41, 16, 26 ) 
(48, 27, 29 ) 
(18, 33, 27 ) 
(28, 36, 28 ) 
Queue #3: 
(45, 14, 4 ) 
(49, 17, 1 ) 
(42, 16, 25 ) 
(19, 26, 20 ) 
(38, 30, 37 ) 
(36, 38, 15 ) 
Queue #4: 
(25, 7, 4 ) 
(34, 17, 3 ) 
(9, 21, 1 ) 
(20, 22, 19 ) 
(8, 24, 31 ) 
(27, 32, 7 ) 
(47, 34, 38 ) 
Time:41
Waiting clients:
(26, 3, 7 )
(3, 9, 31 )
(17, 9, 19 )
(6, 11, 21 )
(1, 12, 11 )
(13, 13, 37 )
(15, 13, 1 )
(10, 14, 35 )
(16, 16, 21 )
(11, 29, 6 )
(22, 29, 35 )
Queue #0: 
(24, 15, 37 ) 
(5, 27, 11 ) 
(29, 29, 27 ) 
(7, 32, 3 ) 
(39, 36, 7 ) 
(37, 37, 30 ) 
Queue #1: 
(12, 12, 3 ) 
(43, 16, 8 ) 
(35, 23, 17 ) 
(14, 25, 25 ) 
(40, 31, 36 ) 
(31, 40, 3 ) 
(4, 32, 13 ) 
Queue #2: 
(21, 11, 5 ) 
(41, 16, 26 ) 
(48, 27, 29 ) 
(18, 33, 27 ) 
(28, 36, 28 ) 
Queue #3: 
(45, 14, 3 ) 
(49, 17, 1 ) 
(42, 16, 25 ) 
(19, 26, 20 ) 
(38, 30, 37 ) 
(36, 38, 15 ) 
Queue #4: 
(25, 7, 3 ) 
(34, 17, 3 ) 
(9, 21, 1 ) 
(20, 22, 19 ) 
(8, 24, 31 ) 
(27, 32, 7 ) 
(47, 34, 38 ) 
Time:42
Waiting clients:
(26, 3, 7 )
(3, 9, 31 )
(17, 9, 19 )
(6, 11, 21 )
(1, 12, 11 )
(13, 13, 37 )
(15, 13, 1 )
(10, 14, 35 )
(16, 16, 21 )
(11, 29, 6 )
Queue #0: 
(24, 15, 36 ) 
(5, 27, 11 ) 
(29, 29, 27 ) 
(7, 32, 3 ) 
(39, 36, 7 ) 
(37, 37, 30 ) 
Queue #1: 
(12, 12, 2 ) 
(43, 16, 8 ) 
(35, 23, 17 ) 
(14, 25, 25 ) 
(40, 31, 36 ) 
(31, 40, 3 ) 
(4, 32, 13 ) 
Queue #2: 
(21, 11, 4 ) 
(41, 16, 26 ) 
(48, 27, 29 ) 
(18, 33, 27 ) 
(28, 36, 28 ) 
Queue #3: 
(45, 14, 2 ) 
(49, 17, 1 ) 
(42, 16, 25 ) 
(19, 26, 20 ) 
(38, 30, 37 ) 
(36, 38, 15 ) 
(22, 29, 35 ) 
Queue #4: 
(25, 7, 2 ) 
(34, 17, 3 ) 
(9, 21, 1 ) 
(20, 22, 19 ) 
(8, 24, 31 ) 
(27, 32, 7 ) 
(47, 34, 38 ) 
Time:43
Waiting clients:
(26, 3, 7 )
(3, 9, 31 )
(17, 9, 19 )
(6, 11, 21 )
(1, 12, 11 )
(13, 13, 37 )
(15, 13, 1 )
(10, 14, 35 )
(16, 16, 21 )
Queue #0: 
(24, 15, 35 ) 
(5, 27, 11 ) 
(29, 29, 27 ) 
(7, 32, 3 ) 
(39, 36, 7 ) 
(37, 37, 30 ) 
Queue #1: 
(12, 12, 1 ) 
(43, 16, 8 ) 
(35, 23, 17 ) 
(14, 25, 25 ) 
(40, 31, 36 ) 
(31, 40, 3 ) 
(4, 32, 13 ) 
Queue #2: 
(21, 11, 3 ) 
(41, 16, 26 ) 
(48, 27, 29 ) 
(18, 33, 27 ) 
(28, 36, 28 ) 
Queue #3: 
(45, 14, 1 ) 
(49, 17, 1 ) 
(42, 16, 25 ) 
(19, 26, 20 ) 
(38, 30, 37 ) 
(36, 38, 15 ) 
(22, 29, 35 ) 
Queue #4: 
(25, 7, 1 ) 
(34, 17, 3 ) 
(9, 21, 1 ) 
(20, 22, 19 ) 
(8, 24, 31 ) 
(27, 32, 7 ) 
(47, 34, 38 ) 
(11, 29, 6 ) 
Time:44
Waiting clients:
(26, 3, 7 )
(3, 9, 31 )
(17, 9, 19 )
(6, 11, 21 )
(1, 12, 11 )
(13, 13, 37 )
(15, 13, 1 )
(10, 14, 35 )
Queue #0: 
(24, 15, 34 ) 
(5, 27, 11 ) 
(29, 29, 27 ) 
(7, 32, 3 ) 
(39, 36, 7 ) 
(37, 37, 30 ) 
Queue #1: 
(43, 16, 8 ) 
(35, 23, 17 ) 
(14, 25, 25 ) 
(40, 31, 36 ) 
(31, 40, 3 ) 
(4, 32, 13 ) 
(16, 16, 21 ) 
Queue #2: 
(21, 11, 2 ) 
(41, 16, 26 ) 
(48, 27, 29 ) 
(18, 33, 27 ) 
(28, 36, 28 ) 
Queue #3: 
(49, 17, 1 ) 
(42, 16, 25 ) 
(19, 26, 20 ) 
(38, 30, 37 ) 
(36, 38, 15 ) 
(22, 29, 35 ) 
Queue #4: 
(34, 17, 3 ) 
(9, 21, 1 ) 
(20, 22, 19 ) 
(8, 24, 31 ) 
(27, 32, 7 ) 
(47, 34, 38 ) 
(11, 29, 6 ) 
Time:45
Waiting clients:
(26, 3, 7 )
(3, 9, 31 )
(17, 9, 19 )
(6, 11, 21 )
(1, 12, 11 )
(13, 13, 37 )
(15, 13, 1 )
Queue #0: 
(24, 15, 33 ) 
(5, 27, 11 ) 
(29, 29, 27 ) 
(7, 32, 3 ) 
(39, 36, 7 ) 
(37, 37, 30 ) 
Queue #1: 
(43, 16, 7 ) 
(35, 23, 17 ) 
(14, 25, 25 ) 
(40, 31, 36 ) 
(31, 40, 3 ) 
(4, 32, 13 ) 
(16, 16, 21 ) 
Queue #2: 
(21, 11, 1 ) 
(41, 16, 26 ) 
(48, 27, 29 ) 
(18, 33, 27 ) 
(28, 36, 28 ) 
Queue #3: 
(42, 16, 25 ) 
(19, 26, 20 ) 
(38, 30, 37 ) 
(36, 38, 15 ) 
(22, 29, 35 ) 
Queue #4: 
(34, 17, 2 ) 
(9, 21, 1 ) 
(20, 22, 19 ) 
(8, 24, 31 ) 
(27, 32, 7 ) 
(47, 34, 38 ) 
(11, 29, 6 ) 
(10, 14, 35 ) 
Time:46
Waiting clients:
(26, 3, 7 )
(3, 9, 31 )
(17, 9, 19 )
(6, 11, 21 )
(1, 12, 11 )
(13, 13, 37 )
Queue #0: 
(24, 15, 32 ) 
(5, 27, 11 ) 
(29, 29, 27 ) 
(7, 32, 3 ) 
(39, 36, 7 ) 
(37, 37, 30 ) 
(15, 13, 1 ) 
Queue #1: 
(43, 16, 6 ) 
(35, 23, 17 ) 
(14, 25, 25 ) 
(40, 31, 36 ) 
(31, 40, 3 ) 
(4, 32, 13 ) 
(16, 16, 21 ) 
Queue #2: 
(41, 16, 26 ) 
(48, 27, 29 ) 
(18, 33, 27 ) 
(28, 36, 28 ) 
Queue #3: 
(42, 16, 24 ) 
(19, 26, 20 ) 
(38, 30, 37 ) 
(36, 38, 15 ) 
(22, 29, 35 ) 
Queue #4: 
(34, 17, 1 ) 
(9, 21, 1 ) 
(20, 22, 19 ) 
(8, 24, 31 ) 
(27, 32, 7 ) 
(47, 34, 38 ) 
(11, 29, 6 ) 
(10, 14, 35 ) 
Time:47
Waiting clients:
(26, 3, 7 )
(3, 9, 31 )
(17, 9, 19 )
(6, 11, 21 )
(1, 12, 11 )
Queue #0: 
(24, 15, 31 ) 
(5, 27, 11 ) 
(29, 29, 27 ) 
(7, 32, 3 ) 
(39, 36, 7 ) 
(37, 37, 30 ) 
(15, 13, 1 ) 
Queue #1: 
(43, 16, 5 ) 
(35, 23, 17 ) 
(14, 25, 25 ) 
(40, 31, 36 ) 
(31, 40, 3 ) 
(4, 32, 13 ) 
(16, 16, 21 ) 
Queue #2: 
(41, 16, 25 ) 
(48, 27, 29 ) 
(18, 33, 27 ) 
(28, 36, 28 ) 
(13, 13, 37 ) 
Queue #3: 
(42, 16, 23 ) 
(19, 26, 20 ) 
(38, 30, 37 ) 
(36, 38, 15 ) 
(22, 29, 35 ) 
Queue #4: 
(9, 21, 1 ) 
(20, 22, 19 ) 
(8, 24, 31 ) 
(27, 32, 7 ) 
(47, 34, 38 ) 
(11, 29, 6 ) 
(10, 14, 35 ) 
Time:48
Waiting clients:
(26, 3, 7 )
(3, 9, 31 )
(17, 9, 19 )
(6, 11, 21 )
Queue #0: 
(24, 15, 30 ) 
(5, 27, 11 ) 
(29, 29, 27 ) 
(7, 32, 3 ) 
(39, 36, 7 ) 
(37, 37, 30 ) 
(15, 13, 1 ) 
(1, 12, 11 ) 
Queue #1: 
(43, 16, 4 ) 
(35, 23, 17 ) 
(14, 25, 25 ) 
(40, 31, 36 ) 
(31, 40, 3 ) 
(4, 32, 13 ) 
(16, 16, 21 ) 
Queue #2: 
(41, 16, 24 ) 
(48, 27, 29 ) 
(18, 33, 27 ) 
(28, 36, 28 ) 
(13, 13, 37 ) 
Queue #3: 
(42, 16, 22 ) 
(19, 26, 20 ) 
(38, 30, 37 ) 
(36, 38, 15 ) 
(22, 29, 35 ) 
Queue #4: 
(20, 22, 19 ) 
(8, 24, 31 ) 
(27, 32, 7 ) 
(47, 34, 38 ) 
(11, 29, 6 ) 
(10, 14, 35 ) 
Time:49
Waiting clients:
(26, 3, 7 )
(3, 9, 31 )
(17, 9, 19 )
Queue #0: 
(24, 15, 29 ) 
(5, 27, 11 ) 
(29, 29, 27 ) 
(7, 32, 3 ) 
(39, 36, 7 ) 
(37, 37, 30 ) 
(15, 13, 1 ) 
(1, 12, 11 ) 
Queue #1: 
(43, 16, 3 ) 
(35, 23, 17 ) 
(14, 25, 25 ) 
(40, 31, 36 ) 
(31, 40, 3 ) 
(4, 32, 13 ) 
(16, 16, 21 ) 
(6, 11, 21 ) 
Queue #2: 
(41, 16, 23 ) 
(48, 27, 29 ) 
(18, 33, 27 ) 
(28, 36, 28 ) 
(13, 13, 37 ) 
Queue #3: 
(42, 16, 21 ) 
(19, 26, 20 ) 
(38, 30, 37 ) 
(36, 38, 15 ) 
(22, 29, 35 ) 
Queue #4: 
(20, 22, 18 ) 
(8, 24, 31 ) 
(27, 32, 7 ) 
(47, 34, 38 ) 
(11, 29, 6 ) 
(10, 14, 35 ) 
Time:50
Waiting clients:
(26, 3, 7 )
(3, 9, 31 )
Queue #0: 
(24, 15, 28 ) 
(5, 27, 11 ) 
(29, 29, 27 ) 
(7, 32, 3 ) 
(39, 36, 7 ) 
(37, 37, 30 ) 
(15, 13, 1 ) 
(1, 12, 11 ) 
(17, 9, 19 ) 
Queue #1: 
(43, 16, 2 ) 
(35, 23, 17 ) 
(14, 25, 25 ) 
(40, 31, 36 ) 
(31, 40, 3 ) 
(4, 32, 13 ) 
(16, 16, 21 ) 
(6, 11, 21 ) 
Queue #2: 
(41, 16, 22 ) 
(48, 27, 29 ) 
(18, 33, 27 ) 
(28, 36, 28 ) 
(13, 13, 37 ) 
Queue #3: 
(42, 16, 20 ) 
(19, 26, 20 ) 
(38, 30, 37 ) 
(36, 38, 15 ) 
(22, 29, 35 ) 
Queue #4: 
(20, 22, 17 ) 
(8, 24, 31 ) 
(27, 32, 7 ) 
(47, 34, 38 ) 
(11, 29, 6 ) 
(10, 14, 35 ) 
Time:51
Waiting clients:
(26, 3, 7 )
Queue #0: 
(24, 15, 27 ) 
(5, 27, 11 ) 
(29, 29, 27 ) 
(7, 32, 3 ) 
(39, 36, 7 ) 
(37, 37, 30 ) 
(15, 13, 1 ) 
(1, 12, 11 ) 
(17, 9, 19 ) 
Queue #1: 
(43, 16, 1 ) 
(35, 23, 17 ) 
(14, 25, 25 ) 
(40, 31, 36 ) 
(31, 40, 3 ) 
(4, 32, 13 ) 
(16, 16, 21 ) 
(6, 11, 21 ) 
Queue #2: 
(41, 16, 21 ) 
(48, 27, 29 ) 
(18, 33, 27 ) 
(28, 36, 28 ) 
(13, 13, 37 ) 
Queue #3: 
(42, 16, 19 ) 
(19, 26, 20 ) 
(38, 30, 37 ) 
(36, 38, 15 ) 
(22, 29, 35 ) 
(3, 9, 31 ) 
Queue #4: 
(20, 22, 16 ) 
(8, 24, 31 ) 
(27, 32, 7 ) 
(47, 34, 38 ) 
(11, 29, 6 ) 
(10, 14, 35 ) 
Time:52
Waiting clients:
Queue #0: 
(24, 15, 26 ) 
(5, 27, 11 ) 
(29, 29, 27 ) 
(7, 32, 3 ) 
(39, 36, 7 ) 
(37, 37, 30 ) 
(15, 13, 1 ) 
(1, 12, 11 ) 
(17, 9, 19 ) 
Queue #1: 
(35, 23, 17 ) 
(14, 25, 25 ) 
(40, 31, 36 ) 
(31, 40, 3 ) 
(4, 32, 13 ) 
(16, 16, 21 ) 
(6, 11, 21 ) 
Queue #2: 
(41, 16, 20 ) 
(48, 27, 29 ) 
(18, 33, 27 ) 
(28, 36, 28 ) 
(13, 13, 37 ) 
Queue #3: 
(42, 16, 18 ) 
(19, 26, 20 ) 
(38, 30, 37 ) 
(36, 38, 15 ) 
(22, 29, 35 ) 
(3, 9, 31 ) 
Queue #4: 
(20, 22, 15 ) 
(8, 24, 31 ) 
(27, 32, 7 ) 
(47, 34, 38 ) 
(11, 29, 6 ) 
(10, 14, 35 ) 
(26, 3, 7 ) 
Time:53
Waiting clients:
Queue #0: 
(24, 15, 25 ) 
(5, 27, 11 ) 
(29, 29, 27 ) 
(7, 32, 3 ) 
(39, 36, 7 ) 
(37, 37, 30 ) 
(15, 13, 1 ) 
(1, 12, 11 ) 
(17, 9, 19 ) 
Queue #1: 
(35, 23, 16 ) 
(14, 25, 25 ) 
(40, 31, 36 ) 
(31, 40, 3 ) 
(4, 32, 13 ) 
(16, 16, 21 ) 
(6, 11, 21 ) 
Queue #2: 
(41, 16, 19 ) 
(48, 27, 29 ) 
(18, 33, 27 ) 
(28, 36, 28 ) 
(13, 13, 37 ) 
Queue #3: 
(42, 16, 17 ) 
(19, 26, 20 ) 
(38, 30, 37 ) 
(36, 38, 15 ) 
(22, 29, 35 ) 
(3, 9, 31 ) 
Queue #4: 
(20, 22, 14 ) 
(8, 24, 31 ) 
(27, 32, 7 ) 
(47, 34, 38 ) 
(11, 29, 6 ) 
(10, 14, 35 ) 
(26, 3, 7 ) 
Time:54
Waiting clients:
Queue #0: 
(24, 15, 24 ) 
(5, 27, 11 ) 
(29, 29, 27 ) 
(7, 32, 3 ) 
(39, 36, 7 ) 
(37, 37, 30 ) 
(15, 13, 1 ) 
(1, 12, 11 ) 
(17, 9, 19 ) 
Queue #1: 
(35, 23, 15 ) 
(14, 25, 25 ) 
(40, 31, 36 ) 
(31, 40, 3 ) 
(4, 32, 13 ) 
(16, 16, 21 ) 
(6, 11, 21 ) 
Queue #2: 
(41, 16, 18 ) 
(48, 27, 29 ) 
(18, 33, 27 ) 
(28, 36, 28 ) 
(13, 13, 37 ) 
Queue #3: 
(42, 16, 16 ) 
(19, 26, 20 ) 
(38, 30, 37 ) 
(36, 38, 15 ) 
(22, 29, 35 ) 
(3, 9, 31 ) 
Queue #4: 
(20, 22, 13 ) 
(8, 24, 31 ) 
(27, 32, 7 ) 
(47, 34, 38 ) 
(11, 29, 6 ) 
(10, 14, 35 ) 
(26, 3, 7 ) 
Time:55
Waiting clients:
Queue #0: 
(24, 15, 23 ) 
(5, 27, 11 ) 
(29, 29, 27 ) 
(7, 32, 3 ) 
(39, 36, 7 ) 
(37, 37, 30 ) 
(15, 13, 1 ) 
(1, 12, 11 ) 
(17, 9, 19 ) 
Queue #1: 
(35, 23, 14 ) 
(14, 25, 25 ) 
(40, 31, 36 ) 
(31, 40, 3 ) 
(4, 32, 13 ) 
(16, 16, 21 ) 
(6, 11, 21 ) 
Queue #2: 
(41, 16, 17 ) 
(48, 27, 29 ) 
(18, 33, 27 ) 
(28, 36, 28 ) 
(13, 13, 37 ) 
Queue #3: 
(42, 16, 15 ) 
(19, 26, 20 ) 
(38, 30, 37 ) 
(36, 38, 15 ) 
(22, 29, 35 ) 
(3, 9, 31 ) 
Queue #4: 
(20, 22, 12 ) 
(8, 24, 31 ) 
(27, 32, 7 ) 
(47, 34, 38 ) 
(11, 29, 6 ) 
(10, 14, 35 ) 
(26, 3, 7 ) 
Time:56
Waiting clients:
Queue #0: 
(24, 15, 22 ) 
(5, 27, 11 ) 
(29, 29, 27 ) 
(7, 32, 3 ) 
(39, 36, 7 ) 
(37, 37, 30 ) 
(15, 13, 1 ) 
(1, 12, 11 ) 
(17, 9, 19 ) 
Queue #1: 
(35, 23, 13 ) 
(14, 25, 25 ) 
(40, 31, 36 ) 
(31, 40, 3 ) 
(4, 32, 13 ) 
(16, 16, 21 ) 
(6, 11, 21 ) 
Queue #2: 
(41, 16, 16 ) 
(48, 27, 29 ) 
(18, 33, 27 ) 
(28, 36, 28 ) 
(13, 13, 37 ) 
Queue #3: 
(42, 16, 14 ) 
(19, 26, 20 ) 
(38, 30, 37 ) 
(36, 38, 15 ) 
(22, 29, 35 ) 
(3, 9, 31 ) 
Queue #4: 
(20, 22, 11 ) 
(8, 24, 31 ) 
(27, 32, 7 ) 
(47, 34, 38 ) 
(11, 29, 6 ) 
(10, 14, 35 ) 
(26, 3, 7 ) 
Time:57
Waiting clients:
Queue #0: 
(24, 15, 21 ) 
(5, 27, 11 ) 
(29, 29, 27 ) 
(7, 32, 3 ) 
(39, 36, 7 ) 
(37, 37, 30 ) 
(15, 13, 1 ) 
(1, 12, 11 ) 
(17, 9, 19 ) 
Queue #1: 
(35, 23, 12 ) 
(14, 25, 25 ) 
(40, 31, 36 ) 
(31, 40, 3 ) 
(4, 32, 13 ) 
(16, 16, 21 ) 
(6, 11, 21 ) 
Queue #2: 
(41, 16, 15 ) 
(48, 27, 29 ) 
(18, 33, 27 ) 
(28, 36, 28 ) 
(13, 13, 37 ) 
Queue #3: 
(42, 16, 13 ) 
(19, 26, 20 ) 
(38, 30, 37 ) 
(36, 38, 15 ) 
(22, 29, 35 ) 
(3, 9, 31 ) 
Queue #4: 
(20, 22, 10 ) 
(8, 24, 31 ) 
(27, 32, 7 ) 
(47, 34, 38 ) 
(11, 29, 6 ) 
(10, 14, 35 ) 
(26, 3, 7 ) 
Time:58
Waiting clients:
Queue #0: 
(24, 15, 20 ) 
(5, 27, 11 ) 
(29, 29, 27 ) 
(7, 32, 3 ) 
(39, 36, 7 ) 
(37, 37, 30 ) 
(15, 13, 1 ) 
(1, 12, 11 ) 
(17, 9, 19 ) 
Queue #1: 
(35, 23, 11 ) 
(14, 25, 25 ) 
(40, 31, 36 ) 
(31, 40, 3 ) 
(4, 32, 13 ) 
(16, 16, 21 ) 
(6, 11, 21 ) 
Queue #2: 
(41, 16, 14 ) 
(48, 27, 29 ) 
(18, 33, 27 ) 
(28, 36, 28 ) 
(13, 13, 37 ) 
Queue #3: 
(42, 16, 12 ) 
(19, 26, 20 ) 
(38, 30, 37 ) 
(36, 38, 15 ) 
(22, 29, 35 ) 
(3, 9, 31 ) 
Queue #4: 
(20, 22, 9 ) 
(8, 24, 31 ) 
(27, 32, 7 ) 
(47, 34, 38 ) 
(11, 29, 6 ) 
(10, 14, 35 ) 
(26, 3, 7 ) 
Time:59
Waiting clients:
Queue #0: 
(24, 15, 19 ) 
(5, 27, 11 ) 
(29, 29, 27 ) 
(7, 32, 3 ) 
(39, 36, 7 ) 
(37, 37, 30 ) 
(15, 13, 1 ) 
(1, 12, 11 ) 
(17, 9, 19 ) 
Queue #1: 
(35, 23, 10 ) 
(14, 25, 25 ) 
(40, 31, 36 ) 
(31, 40, 3 ) 
(4, 32, 13 ) 
(16, 16, 21 ) 
(6, 11, 21 ) 
Queue #2: 
(41, 16, 13 ) 
(48, 27, 29 ) 
(18, 33, 27 ) 
(28, 36, 28 ) 
(13, 13, 37 ) 
Queue #3: 
(42, 16, 11 ) 
(19, 26, 20 ) 
(38, 30, 37 ) 
(36, 38, 15 ) 
(22, 29, 35 ) 
(3, 9, 31 ) 
Queue #4: 
(20, 22, 8 ) 
(8, 24, 31 ) 
(27, 32, 7 ) 
(47, 34, 38 ) 
(11, 29, 6 ) 
(10, 14, 35 ) 
(26, 3, 7 ) 
Time:60
Waiting clients:
Queue #0: 
(24, 15, 18 ) 
(5, 27, 11 ) 
(29, 29, 27 ) 
(7, 32, 3 ) 
(39, 36, 7 ) 
(37, 37, 30 ) 
(15, 13, 1 ) 
(1, 12, 11 ) 
(17, 9, 19 ) 
Queue #1: 
(35, 23, 9 ) 
(14, 25, 25 ) 
(40, 31, 36 ) 
(31, 40, 3 ) 
(4, 32, 13 ) 
(16, 16, 21 ) 
(6, 11, 21 ) 
Queue #2: 
(41, 16, 12 ) 
(48, 27, 29 ) 
(18, 33, 27 ) 
(28, 36, 28 ) 
(13, 13, 37 ) 
Queue #3: 
(42, 16, 10 ) 
(19, 26, 20 ) 
(38, 30, 37 ) 
(36, 38, 15 ) 
(22, 29, 35 ) 
(3, 9, 31 ) 
Queue #4: 
(20, 22, 7 ) 
(8, 24, 31 ) 
(27, 32, 7 ) 
(47, 34, 38 ) 
(11, 29, 6 ) 
(10, 14, 35 ) 
(26, 3, 7 ) 
